155300 99999 VELIKO TARNOVO                 1936    0    0    0    0    0    0   48   45   47   28   46   36
155300 99999 VELIKO TARNOVO                 1937   41   50   32   38   31   33   36   31   34   22   33   18
155300 99999 VELIKO TARNOVO                 1938   45   43   72   45   41   50   49   33   63   53   45   27
155300 99999 VELIKO TARNOVO                 1939    0    0    0   76   73   50   50   26   27    0    0    0
155300 99999 VELIKO TARNOVO                 1975    0    0    0    0    0    0   10   30  115  119  108  123
155300 99999 VELIKO TARNOVO                 1976   94  117  116  127   85   86  108   92  106   45   82   97
155300 99999 VELIKO TARNOVO                 1977   74   72  113   59  130  119   79   68   77   79   94   76
155300 99999 VELIKO TARNOVO                 1978   96  118  125  118  109  137  139  110  106   89  116  134
155300 99999 VELIKO TARNOVO                 1979  145  127  183  135  176  173  186  166  152  145  145  156
155300 99999 VELIKO TARNOVO                 1980  182  141  163  144  129  134  175  186  155   33   46   53
155300 99999 VELIKO TARNOVO                 1981   48   42   37   35   33   39   31   23   29   39   29   42
155300 99999 VELIKO TARNOVO                 1982   63   47  138  142  111  103   93  113  116  116   54   10
155300 99999 VELIKO TARNOVO                 1983   18   17   15   13   17    6    2   13    8   11    7   21
155300 99999 VELIKO TARNOVO                 1984   21   16   19   12    9    6    9    8    9   13    9   17
155300 99999 VELIKO TARNOVO                 1985   25   11   28   21   16   10   14   14   26   37    9   27
155300 99999 VELIKO TARNOVO                 1986   46   60   44   14    8    7    4   15    7   10   14    7
155300 99999 VELIKO TARNOVO                 1987   11   17   17   14    8    8    7    3    8   15    7   18
155300 99999 VELIKO TARNOVO                 1988   24   20   20   11   23    9    5    7   12    7   10    7
155300 99999 VELIKO TARNOVO                 1989   12    5    8   15    4    3    1    7   12    6   58   53
155300 99999 VELIKO TARNOVO                 1990   76   51   51  172  195  213  168   80   61   51   58   60
155300 99999 VELIKO TARNOVO                 1991   67   61   28  156  156  145  130   69   70   52   46   72
155300 99999 VELIKO TARNOVO                 1992   44   51   46   86   80   64   75   68   59   63   50   61
155300 99999 VELIKO TARNOVO                 1993   69   63   81   80   88   82   96   93   99  174  181  214
155300 99999 VELIKO TARNOVO                 1994  214  210  222  219  228  207  224  223  219  229  218  237
155300 99999 VELIKO TARNOVO                 1995  196  215  235  229  233  219  203  228  228  218  207  233
155300 99999 VELIKO TARNOVO                 1997  224  211  222  223  211  206  216  221  201  189  186  184
155300 99999 VELIKO TARNOVO                 1998  172  186  207  116  123  118  122  118  119  120  117  122
155300 99999 VELIKO TARNOVO                 1999  117  111  118  116  130  118  133  210  118  123  119  121
155300 99999 VELIKO TARNOVO                 2000  124  115  115  115  120  116  120  119  158  243  234  246
155300 99999 VELIKO TARNOVO                 2001  180  111  123  120  121  117  121  118  118  240  237  243
155300 99999 VELIKO TARNOVO                 2002  246  223  244  231  241  227  243  242  232  237  235  243
155300 99999 VELIKO TARNOVO                 2003  238  215  245  236  244  237  245  233  236  240  236  243
155300 99999 VELIKO TARNOVO                 2004  238  227  241  236  244  232  237  244  232  241  238  244
155300 99999 VELIKO TARNOVO                 2005  246  221  247  238  247  240  245  243  234  247  238  246
155300 99999 VELIKO TARNOVO                 2006  236  220  248  240  247  240  241  238  232  247  240  245
155300 99999 VELIKO TARNOVO                 2007  245  222  241  239  248  239  248  241  239  248  239  248
155300 99999 VELIKO TARNOVO                 2008  246  229  246  239  246  239  247  248  239  248  240  248
155300 99999 VELIKO TARNOVO                 2009  248  223  246  240  248  236  248  248  240  248  240  248
155300 99999 VELIKO TARNOVO                 2010  248  224  248  240  248  240  247  248  240  247  240  247
155300 99999 VELIKO TARNOVO                 2011  247  224  246  240  246  239  248  247  240  248  240  247
155300 99999 VELIKO TARNOVO                 2012  248  231  248  239  247  240  248  248  240  246  239  247
155300 99999 VELIKO TARNOVO                 2013  248  224  248  240  248  240  249  247  240  248    3    0
155300 99999 VELIKO TARNOVO                 2018    1    0    0    3    0    0    5    0    0    0    0    0
155350 99999 ROUSSE/RUSE                    1936    0    0    0    0    0    0   72   69   76   66   79   66
155350 99999 ROUSSE/RUSE                    1937   41   77   59   43   58   51   45   40   59   58   59   37
155350 99999 ROUSSE/RUSE                    1938   75   70   84   60   64   72   71   65   68   79   76   74
155350 99999 ROUSSE/RUSE                    1939    0    0    0   74   63   79   64   77   74    0    0    0
155350 99999 ROUSSE/RUSE                    1953    0    0    0    7   11   12   11    5   39   74   65   81
155350 99999 ROUSSE/RUSE                    1954   75   72   85   84   72   68   82   84   70   51   57   84
155350 99999 ROUSSE/RUSE                    1955   74   73   91   76   93   85   80   88   84  103   88  102
155350 99999 ROUSSE/RUSE                    1956   91   90   95   93   91   96   94  113  111  111  108  113
155350 99999 ROUSSE/RUSE                    1957   80   78  104  104  101   97   71   98   54  109  102  108
155350 99999 ROUSSE/RUSE                    1958   95   88  107  101   98  103   91   92   87   92   95  110
155350 99999 ROUSSE/RUSE                    1959  220  202  228  216  207  197  193  164   16    0  178  225
155350 99999 ROUSSE/RUSE                    1960  223  222  230  217  224  230  222  236  214  224  213  225
155350 99999 ROUSSE/RUSE                    1961  224  205  225  216  234  183  188  233  213  232  218  225
155350 99999 ROUSSE/RUSE                    1962  222  211  232  227  234  234  244  183  219  230  220  233
155350 99999 ROUSSE/RUSE                    1963  230  208  224  218  235  220  240  232  221  235  227  232
155350 99999 ROUSSE/RUSE                    1964  185  196  215  186  207  189  206  206  199  203  189  175
155350 99999 ROUSSE/RUSE                    1965  179  158  206  176  193  201  216  218  217  214  203  223
155350 99999 ROUSSE/RUSE                    1966  229  207  233  219  229  221  217  221  213  227  217  205
155350 99999 ROUSSE/RUSE                    1967  222  216  235  225  230  228  234  231  228  240  223  219
155350 99999 ROUSSE/RUSE                    1973  211  185  226  203  223  218  225  199  188  213  196  206
155350 99999 ROUSSE/RUSE                    1974  224  187  224  217  217  214  231  186  214  226  219  224
155350 99999 ROUSSE/RUSE                    1975  224  190  201  209  205  213  233  191  213  230  230  227
155350 99999 ROUSSE/RUSE                    1976  226  217  236  225  234  229  234  226  231  241  230  238
155350 99999 ROUSSE/RUSE                    1977  231  210  230  234  231  231  238  242  232  231  231  239
155350 99999 ROUSSE/RUSE                    1978  240  214  243  236  241  234  236  244  237  245  241  243
155350 99999 ROUSSE/RUSE                    1979  237  224  244  233  246  227  243  245  231  243  235  241
155350 99999 ROUSSE/RUSE                    1980  246  225  243  237  241  227  242  238  232  241  233  238
155350 99999 ROUSSE/RUSE                    1981  241  221  243  238  240  236  240  244  227  245  235  236
155350 99999 ROUSSE/RUSE                    1982  243  222  245  229  241  230  242  238  238  240  237  242
155350 99999 ROUSSE/RUSE                    1983  246  222  245  236  236  238  241  241  230  237  236  247
155350 99999 ROUSSE/RUSE                    1984  243  226  244  234  238  235  239  242  220  236  229  245
155350 99999 ROUSSE/RUSE                    1985  244  219  242  233  242  233  244  245  235  241  231  247
155350 99999 ROUSSE/RUSE                    1986  247  219  242  238  244  234  243  246  236  249  244  245
155350 99999 ROUSSE/RUSE                    1987  244  225  249  233  237  242  239  242  239  251  245  247
155350 99999 ROUSSE/RUSE                    1988  247  230  244  238  251  241  243  242  236  247  238  245
155350 99999 ROUSSE/RUSE                    1989  242  215  240  236  244  304  321  299  297  304  338  326
155350 99999 ROUSSE/RUSE                    1990  335  287  326  306  305  312  314  354  300  338  311  317
155350 99999 ROUSSE/RUSE                    1991  285  258  327  297  258  226  229  248  234  251  242  251
155350 99999 ROUSSE/RUSE                    1992  268  228  244  267  241  232  236  240  229  242  225  239
155350 99999 ROUSSE/RUSE                    1993  239  214  231  230  229  240  264  272  273  270  275  271
155350 99999 ROUSSE/RUSE                    1994  253  237  260  264  274  262  264  280  247  252  249  259
155350 99999 ROUSSE/RUSE                    1995  239  245  266  254  268  260  261  270  247  265  254  223
155350 99999 ROUSSE/RUSE                    1997  369  335  360  322  382  363  341  374  367  382  357  354
155350 99999 ROUSSE/RUSE                    1998  335  342  363  348  350  338  354  334  319  328  351  276
155350 99999 ROUSSE/RUSE                    1999  240  112  121  118  258  287  256  345  276  289  291  119
155350 99999 ROUSSE/RUSE                    2000  123  112  122  116  120  124  119  118  156  242  237  245
155350 99999 ROUSSE/RUSE                    2001  246  237  263  255  256  256  264  306  230  248  239  246
155350 99999 ROUSSE/RUSE                    2002  249  219  246  238  247  230  240  244  235  241  231  246
155350 99999 ROUSSE/RUSE                    2003  250  213  238  237  240  237  246  245  230  243  238  245
155350 99999 ROUSSE/RUSE                    2004  244  230  243  235  245  236  238  245  233  236  238  243
155350 99999 ROUSSE/RUSE                    2005  244  223  248  239  248  237  245  242  233  239  233  240
155350 99999 ROUSSE/RUSE                    2006  236  222  247  239  247  239  243  248  239  247  239  242
155350 99999 ROUSSE/RUSE                    2007  246  221  239  239  248  240  248  238  239  247  237  248
155350 99999 ROUSSE/RUSE                    2008  246  229  247  240  248  239  248  248  239  247  240  248
155350 99999 ROUSSE/RUSE                    2009  248  223  244  240  247  237  248  248  240  248  240  247
155350 99999 ROUSSE/RUSE                    2010  248  223  248  240  248  240  247  248  240  247  239  248
155350 99999 ROUSSE/RUSE                    2011  247  224  247  240  247  240  248  247  240  247  240  247
155350 99999 ROUSSE/RUSE                    2012  248  232  248  239  247  239  248  248  240  247  240  247
155350 99999 ROUSSE/RUSE                    2013  248  224  248  240  247  240  249  247  240  247    3    0
155350 99999 ROUSSE/RUSE                    2018    1    0    0    3    0    0    5    0    0    0    0    0
155520 99999 VARNA                          1936   40   34   39   67    0    0   71   66   75   74   81   71
155520 99999 VARNA                          1937   62   78   67   45   57   57   56   48   59   63   55   58
155520 99999 VARNA                          1938   76   69   83   52   67   78   75   74   81   85   78   69
155520 99999 VARNA                          1939    0    0    0   78   78   76   78   68   66    0    0    0
155520 99999 VARNA                          1941    0    0    0    0    0    0    0    0    0    0   47   60
155520 99999 VARNA                          1942   60   56   76   89   88   88   91   93   90   77   90   93
155520 99999 VARNA                          1943   93   82   91   87   90   90   93   93   90   93   90   93
155520 99999 VARNA                          1944   93   87   90   90   92   86   93    0    0    0    0    0
155520 99999 VARNA                          1952   85   76   62   50   55   38   54   78   43   60   52   57
155520 99999 VARNA                          1953   48   65    0    0    0    0    0   41   95   96   92  104
155520 99999 VARNA                          1954   93   96  107  107  103  100   99   93   74   59   54   82
155520 99999 VARNA                          1955   62   82   90   94  103   90   85   95   94   64   39   46
155520 99999 VARNA                          1956   49   46   49   53   72   87   94   92   86  100   88   94
155520 99999 VARNA                          1957   75   66   96   97   92   86  124  124  120  124  120  124
155520 99999 VARNA                          1958  124  112  124  120  124  120  124  124  120  124  120  124
155520 99999 VARNA                          1959   93   83  109  103  110  108  108  176  208  216  210  208
155520 99999 VARNA                          1960  198  189  199  203  210  190  205  223  203  208  209  223
155520 99999 VARNA                          1961  220  203  234  219  231  219  198  226  216  226  217  225
155520 99999 VARNA                          1962  223  198  231  224  236  231  232  192  215  232  223  234
155520 99999 VARNA                          1963  224  194  207  225  225  212  230  227  225  235  226  228
155520 99999 VARNA                          1964  180  186  215  175  187  170  204  196  187  200  172  150
155520 99999 VARNA                          1965  192  173  199  173  161  188  214  210  217  214  201  231
155520 99999 VARNA                          1966  210  202  228  224  238  217  226  214  216  229  225  221
155520 99999 VARNA                          1967  225  210  241  216  236  230  228  222  232  244  231  239
155520 99999 VARNA                          1973  234  212  228  229  233  225  241  227  215  228  227  230
155520 99999 VARNA                          1974  229  203  236  231  233  229  233  224  224  233  224  236
155520 99999 VARNA                          1975  236  214  240  223  215  226  238  225  233  237  231  237
155520 99999 VARNA                          1976  235  218  243  231  239  234  239  236  232  236  233  238
155520 99999 VARNA                          1977  237  205  237  222  241  231  240  241  233  244  226  244
155520 99999 VARNA                          1978  248  222  246  235  244  233  247  243  238  245  233  243
155520 99999 VARNA                          1979  242  225  247  239  246  231  247  247  235  243  238  239
155520 99999 VARNA                          1980  245  225  245  239  247  227  240  242  235  238  238  242
155520 99999 VARNA                          1981  248  215  245  234  245  235  240  245  239  247  240  246
155520 99999 VARNA                          1982  246  222  243  238  246  226  246  253  238  242  240  247
155520 99999 VARNA                          1983  246  223  246  240  246  238  246  244  239  244  235  243
155520 99999 VARNA                          1984  241  226  243  236  247  238  237  244  236  239  237  243
155520 99999 VARNA                          1985  240  215  246  238  244  236  244  243  239  239  236  244
155520 99999 VARNA                          1986  248  223  247  239  246  237  244  249  239  243  235  242
155520 99999 VARNA                          1987  247  228  250  240  246  244  250  240  237  250  245  245
155520 99999 VARNA                          1988  250  230  253  247  253  249  258  253  239  251  238  253
155520 99999 VARNA                          1989  244  224  248  233  244  309  347  328  314  348  299  283
155520 99999 VARNA                          1990  300  273  324  313  317  315  327  349  305  342  696 1338
155520 99999 VARNA                          1991 1292 1255 1403 1308 1384 1369 1375 1390 1346 1322 1367 1338
155520 99999 VARNA                          1992 1359 1280 1381 1342 1379 1372 1402 1403 1341 1417 1339 1370
155520 99999 VARNA                          1993 1352 1261 1376 1359 1389 1309 1381 1380  763  734  708  735
155520 99999 VARNA                          1994  742  674  731  709  738  692  745  739  714  736  714  736
155520 99999 VARNA                          1995  745  673  740  721  744  717  729  745  715  732  711  744
155520 99999 VARNA                          1997  726  675  744  727  744  722  748  746  718  733  718  724
155520 99999 VARNA                          1998  693  668  728  721  740  719  748  714  722  735  707  745
155520 99999 VARNA                          1999  718  674  749  722  811  761  659  784  764  759  722  745
155520 99999 VARNA                          2000  747  699  746  718  746  719  746  749  723  749  718  743
155520 99999 VARNA                          2001  746  672  745  720  741  720  746  743  719  742  720  742
155520 99999 VARNA                          2002  743  675  748  723  743  926 1448 1463 1415 1439 1403 1465
155520 99999 VARNA                          2003 1468 1298 1391 1429 1447 1387 1482 1507 1487 1513 1509 1522
155520 99999 VARNA                          2004 1511 1436 1495 1441 1478 1427 1446 1480 1396 1468 1423 1471
155520 99999 VARNA                          2005 1477 1341 1478 1437 1481 1430 1254 1326 1242 1103 1429 1471
155520 99999 VARNA                          2006 1465 1336 1482 1434 1477 1439 1486 1486 1436 1480 1436 1472
155520 99999 VARNA                          2007 1480 1334 1449 1436 1485 1437 1483 1447 1425 1480 1431 1490
155520 99999 VARNA                          2008 1488 1370 1489 1438 1487 1436 1484 1483 1437 1487 1436 1487
155520 99999 VARNA                          2009 1488 1343 1477 1438 1480 1431 1486 1487 1438 1486 1439 1486
155520 99999 VARNA                          2010 1482 1338 1486 1438 1474 1502 1586 1531 1470 1528 1540 1595
155520 99999 VARNA                          2011 1560 1369 1531 1484 1576 1448 1549 1520 1473 1508 1447 1520
155520 99999 VARNA                          2012 1499 1419 1533 1479 1589 1470 1536 1531 1506 1529 1490 1520
155520 99999 VARNA                          2013 1544 1369 1556 1522 1818 1763 1777 1750 1717 1843 1731 1745
155520 99999 VARNA                          2014 1728 1569 1735 1679 1730 1674 1706 1735 1679 1735 1679 1734
155520 99999 VARNA                          2015 1732 1568 1737  500 1732 1680 1735 1735 1676 1735 1679 1723
155520 99999 VARNA                          2016 1736 1599 1720 1675 1731 1677 1735 1736 1678 1732 1672 1735
155520 99999 VARNA                          2017 1730 1566 1733 1679 1735 1673 1735 1723 1678 1734 1679 1735
155520 99999 VARNA                          2018 1681 1564 1735 1664 1723 1678 1721 1717 1519 1689  723    0
156140 99999 SOFIA                          1931    0    0    0    0    0    0    0    0   14   12   23   19
156140 99999 SOFIA                          1932   21   15   12   18   11   11    5    5   10   12   10   14
156140 99999 SOFIA                          1933   10    0    0    0    0    0    0    0    0    0    0   13
156140 99999 SOFIA                          1934   18   16   15   14    7   11    2    1    6   11   11   14
156140 99999 SOFIA                          1935   23   33   39   37   38   24   28   22   13   39   64   56
156140 99999 SOFIA                          1936   78   58   68   71   68   77   82   79   77   86   85   89
156140 99999 SOFIA                          1937   83   77   86   77   85   78   82   78   80   88   85   86
156140 99999 SOFIA                          1938   76   77   90   77   83   78   85   81   75   88   85   84
156140 99999 SOFIA                          1939   83   77   89   88   88   84   84   77   67    0    0    0
156140 99999 SOFIA                          1952  113  107  108  110  114  107  108  114   98  108  108  108
156140 99999 SOFIA                          1953  113   99  102  114  115  111  114  112  109  116  105  117
156140 99999 SOFIA                          1954  103   96   99  101  107  102  117  111  111  113  111  116
156140 99999 SOFIA                          1955  117  104  118  107  115  116  119  120  115  117  117  123
156140 99999 SOFIA                          1956  118  105  117  115  122  113  116  119  110  121  117  122
156140 99999 SOFIA                          1957  119  106  114  114  110  113   98  118   57  119  117  118
156140 99999 SOFIA                          1958  119  111  120  116  121  115  120  122  114  121  120  114
156140 99999 SOFIA                          1959  226  213  236  217  235  226  237   81   93  104   76  112
156140 99999 SOFIA                          1960   83   91   46   91  101  114  129   97  104  119  116  125
156140 99999 SOFIA                          1961  196  195  194  204  194  197  188  198  159  199  190  185
156140 99999 SOFIA                          1962  207   51  222   82  196  219  213  187  202  226  218  130
156140 99999 SOFIA                          1963  188  170  166  203  198  182  222  224  219  219  211  206
156140 99999 SOFIA                          1964  181  189  217  177  194  181  207  209  212  226  186  144
156140 99999 SOFIA                          1965  182  167  180  155  128  168  202  202  214  204  187  224
156140 99999 SOFIA                          1966  226  208  237  232  247  232  244  239  235  246  234  245
156140 99999 SOFIA                          1967  243  219  246  235  243  237  243  247  236  245  233  245
156140 99999 SOFIA                          1973  233  210  240  231  235  230  239  223  209  235  232  230
156140 99999 SOFIA                          1974  240  205  237  233  236  232  233  237  234  236  232  238
156140 99999 SOFIA                          1975  240  215  238  237  230  233  239  234  236  245  234  242
156140 99999 SOFIA                          1976  240  228  244  233  236  230  234  238  236  240  234  241
156140 99999 SOFIA                          1977  234  215  245  233  246  234  239  247  236  246  235  245
156140 99999 SOFIA                          1978  244  222  247  235  244  237  249  248  239  248  239  248
156140 99999 SOFIA                          1979  243  224  247  239  248  240  247  245  239  245  240  244
156140 99999 SOFIA                          1980  248  229  247  241  244  235  241  243  239  239  231  245
156140 99999 SOFIA                          1981  247  220  247  237  248  234  248  247  238  247  240  246
156140 99999 SOFIA                          1982  244  222  244  240  245  239  248  251  238  244  243  247
156140 99999 SOFIA                          1983  245  222  248  239  247  241  248  248  239  249  238  248
156140 99999 SOFIA                          1984  248  232  243  238  248  239  241  240  239  245  239  244
156140 99999 SOFIA                          1985  247  220  246  239  245  236  249  249  239  245  240  248
156140 99999 SOFIA                          1986  249  223  250  244  246  239  248  251  238  249  242  247
156140 99999 SOFIA                          1987  248  222  252  246  252  249  250  241  243  254  249  257
156140 99999 SOFIA                          1988  253  238  258  247  264  257  263  259  243  255  248  255
156140 99999 SOFIA                          1989  247  230  251  244  247  317  355  339  315  365  359  328
156140 99999 SOFIA                          1990  340  302  323  309  318  308  322  349  306  338  679 1342
156140 99999 SOFIA                          1991 1299 1239 1388 1304 1371 1363 1385 1360 1317 1334 1301 1347
156140 99999 SOFIA                          1992 1344 1292 1405 1371 1393 1374 1416 1419 1363 1430 1364 1406
156140 99999 SOFIA                          1993 1387 1267 1415 1382 1411 1326 1397 1395  768  734  713  734
156140 99999 SOFIA                          1994  753  681  747  717  745  704  747  741  713  738  715  736
156140 99999 SOFIA                          1995  748  674  744  721  739  719  738  746  720  739  712  744
156140 99999 SOFIA                          1997  746  671  745  728  744  726  749  744  718  734  716  728
156140 99999 SOFIA                          1998  693  671  728  721  743  719  745  714  722  732  708  746
156140 99999 SOFIA                          1999  719  672  748  719  811  753  662  774  756  754  721  749
156140 99999 SOFIA                          2000  748  708  750  713  745  720  745  749  724  748  719  744
156140 99999 SOFIA                          2001  747  672  745  719  738  718  745  744  719  740  718  741
156140 99999 SOFIA                          2002  742  673  750  722  744  923 1449 1465 1409 1441 1403 1469
156140 99999 SOFIA                          2003 1469 1295 1389 1427 1446 1392 1483 1502 1444 1547 1500 1594
156140 99999 SOFIA                          2004 1578 1454 1526 1460 1474 1426 1448 1479 1398 1466 1425 1469
156140 99999 SOFIA                          2005 1478 1342 1477 1438 1483 1435 1254 1330 1241 1101 1431 1478
156140 99999 SOFIA                          2006 1463 1338 1483 1435 1479 1439 1484 1487 1435 1477 1437 1472
156140 99999 SOFIA                          2007 1480 1332 1456 1435 1483 1438 1483 1447 1424 1480 1430 1487
156140 99999 SOFIA                          2008 1487 1369 1486 1439 1485 1436 1487 1488 1438 1486 1439 1488
156140 99999 SOFIA                          2009 1488 1342 1473 1439 1480 1432 1486 1488 1440 1487 1440 1488
156140 99999 SOFIA                          2010 1482 1339 1486 1438 1475 1519 1538 1525 1508 1590 1623 1712
156140 99999 SOFIA                          2011 1733 1425 1578 1461 1538 1507 1597 1511 1459 1590 1606 1679
156140 99999 SOFIA                          2012 1650 1597 1524 1496 1552 1473 1523 1500 1472 1540 1437 1488
156140 99999 SOFIA                          2013 1486 1343 1478 1439 1735 1677 1737 1733 1675 1733 1679 1730
156140 99999 SOFIA                          2014 1731 1567 1734 1679 1727 1673 1708 1737 1678 1733 1679 1735
156140 99999 SOFIA                          2015 1734 1568 1736  504 1732 1678 1735 1737 1678 1735 1679 1724
156140 99999 SOFIA                          2016 1735 1594 1723 1678 1732 1675 1735 1736 1679 1733 1672 1736
156140 99999 SOFIA                          2017 1732 1568 1736 1679 1735 1672 1735 1722 1678 1734 1679 1735
156140 99999 SOFIA                          2018 1681 1564 1735 1664 1721 1677 1719 1717 1518 1687  723    0


Total Surface Hourly Observations Available: 1219794
Total Station-Years: 242
